Shape of quizzes: (100, 9, 9)
1 quizzes solved.
2 quizzes solved.
3 quizzes solved.
4 quizzes solved.
5 quizzes solved.
6 quizzes solved.
7 quizzes solved.
8 quizzes solved.
9 quizzes solved.
10 quizzes solved.
11 quizzes solved.
12 quizzes solved.
13 quizzes solved.
14 quizzes solved.
15 quizzes solved.
16 quizzes solved.
17 quizzes solved.
18 quizzes solved.
19 quizzes solved.
20 quizzes solved.
21 quizzes solved.
22 quizzes solved.
23 quizzes solved.
24 quizzes solved.
25 quizzes solved.
26 quizzes solved.
27 quizzes solved.
28 quizzes solved.
29 quizzes solved.
30 quizzes solved.
31 quizzes solved.
32 quizzes solved.
33 quizzes solved.
34 quizzes solved.
35 quizzes solved.
36 quizzes solved.
37 quizzes solved.
38 quizzes solved.
39 quizzes solved.
40 quizzes solved.
41 quizzes solved.
42 quizzes solved.
43 quizzes solved.
44 quizzes solved.
45 quizzes solved.
46 quizzes solved.
47 quizzes solved.
48 quizzes solved.
49 quizzes solved.
50 quizzes solved.
51 quizzes solved.
52 quizzes solved.
53 quizzes solved.
54 quizzes solved.
55 quizzes solved.
56 quizzes solved.
57 quizzes solved.
58 quizzes solved.
59 quizzes solved.
60 quizzes solved.
61 quizzes solved.
62 quizzes solved.
63 quizzes solved.
64 quizzes solved.
65 quizzes solved.
66 quizzes solved.
67 quizzes solved.
68 quizzes solved.
69 quizzes solved.
70 quizzes solved.
71 quizzes solved.
72 quizzes solved.
73 quizzes solved.
74 quizzes solved.
75 quizzes solved.
76 quizzes solved.
77 quizzes solved.
78 quizzes solved.
79 quizzes solved.
80 quizzes solved.
81 quizzes solved.
82 quizzes solved.
83 quizzes solved.
84 quizzes solved.
85 quizzes solved.
86 quizzes solved.
87 quizzes solved.
88 quizzes solved.
89 quizzes solved.
90 quizzes solved.
91 quizzes solved.
92 quizzes solved.
93 quizzes solved.
94 quizzes solved.
95 quizzes solved.
96 quizzes solved.
97 quizzes solved.
98 quizzes solved.
99 quizzes solved.
100 quizzes solved.


Zchaff with (1) minimal encoding, (2) efficient encoding, (3) extended encoding, (4) optimised encoding 

Encoding (1)
[3.0, 0.0, 0.0, 0.0, 0.0, 0.0, 11.0, 0.0, 0.0, 0.0, 1.0, 0.0, 0.0, 0.0, 0.0, 0.0, 0.0, 1.0, 0.0, 5.0, 1.0, 8.0, 0.0, 0.0, 0.0, 0.0, 1.0, 0.0, 3.0, 5.0, 0.0, 0.0, 0.0, 0.0, 0.0, 0.0, 3.0, 0.0, 0.0, 3.0, 6.0, 0.0, 0.0, 7.0, 2.0, 0.0, 0.0, 2.0, 0.0, 0.0, 0.0, 0.0, 0.0, 0.0, 0.0, 1.0, 0.0, 0.0, 0.0, 0.0, 0.0, 0.0, 0.0, 12.0, 0.0, 0.0, 1.0, 0.0, 0.0, 0.0, 0.0, 0.0, 0.0, 1.0, 5.0, 0.0, 0.0, 0.0, 0.0, 0.0, 2.0, 5.0, 0.0, 6.0, 1.0, 0.0, 9.0, 7.0, 0.0, 0.0, 0.0, 0.0, 90.0, 90.0, 90.0, 90.0, 90.0, 90.0, 90.0, 90.0]
  Mean : 8.32
  Standard deviation: 24.332245720816275
[10.0, 1.0, 1.0, 1.0, 1.0, 1.0, 31.0, 1.0, 1.0, 1.0, 4.0, 1.0, 1.0, 1.0, 1.0, 1.0, 1.0, 3.0, 1.0, 10.0, 2.0, 17.0, 1.0, 1.0, 1.0, 1.0, 3.0, 1.0, 4.0, 6.0, 1.0, 1.0, 1.0, 1.0, 1.0, 1.0, 10.0, 1.0, 1.0, 4.0, 11.0, 1.0, 1.0, 8.0, 4.0, 1.0, 1.0, 3.0, 1.0, 1.0, 1.0, 1.0, 1.0, 1.0, 1.0, 2.0, 1.0, 1.0, 1.0, 1.0, 1.0, 1.0, 1.0, 15.0, 1.0, 1.0, 2.0, 1.0, 1.0, 1.0, 1.0, 1.0, 1.0, 2.0, 8.0, 1.0, 1.0, 1.0, 1.0, 1.0, 5.0, 6.0, 1.0, 8.0, 3.0, 1.0, 10.0, 8.0, 1.0, 1.0, 1.0, 1.0, 171.0, 171.0, 171.0, 171.0, 171.0, 171.0, 171.0, 171.0]
  Mean : 16.32
  Standard deviation: 46.037288356200115
[729.0, 729.0, 729.0, 729.0, 729.0, 729.0, 729.0, 729.0, 729.0, 729.0, 729.0, 729.0, 729.0, 729.0, 729.0, 729.0, 729.0, 729.0, 729.0, 729.0, 729.0, 729.0, 729.0, 729.0, 729.0, 729.0, 729.0, 729.0, 729.0, 729.0, 729.0, 729.0, 729.0, 729.0, 729.0, 729.0, 729.0, 729.0, 729.0, 729.0, 729.0, 729.0, 729.0, 729.0, 729.0, 729.0, 729.0, 729.0, 729.0, 729.0, 729.0, 729.0, 729.0, 729.0, 729.0, 729.0, 729.0, 729.0, 729.0, 729.0, 729.0, 729.0, 729.0, 729.0, 729.0, 729.0, 729.0, 729.0, 729.0, 729.0, 729.0, 729.0, 729.0, 729.0, 729.0, 729.0, 729.0, 729.0, 729.0, 729.0, 729.0, 729.0, 729.0, 729.0, 729.0, 729.0, 729.0, 729.0, 729.0, 729.0, 729.0, 729.0, 729.0, 729.0, 729.0, 729.0, 729.0, 729.0, 729.0, 729.0]
  Mean : 729.0
  Standard deviation: 0.0
[11487.0, 14115.0, 16747.0, 19371.0, 22003.0, 24627.0, 27255.0, 29887.0, 32511.0, 35143.0, 37767.0, 40395.0, 43023.0, 45651.0, 48283.0, 50911.0, 53535.0, 56163.0, 58795.0, 61419.0, 64051.0, 66675.0, 69307.0, 71931.0, 74563.0, 77191.0, 79815.0, 82443.0, 85075.0, 87703.0, 90327.0, 92959.0, 95587.0, 98211.0, 100839.0, 103471.0, 106095.0, 108727.0, 111351.0, 113979.0, 116607.0, 119239.0, 121867.0, 124495.0, 127119.0, 129751.0, 132379.0, 135003.0, 137635.0, 140263.0, 142887.0, 145519.0, 148143.0, 150775.0, 153399.0, 156027.0, 158659.0, 161283.0, 163915.0, 166539.0, 169171.0, 171795.0, 174427.0, 177051.0, 179679.0, 182311.0, 184935.0, 187567.0, 190195.0, 192823.0, 195447.0, 198075.0, 200703.0, 203335.0, 205959.0, 208587.0, 211215.0, 213847.0, 216471.0, 219103.0, 221727.0, 224359.0, 226987.0, 229611.0, 232243.0, 234871.0, 237495.0, 240123.0, 242751.0, 245383.0, 248007.0, 250635.0, 253233.0, 255861.0, 258489.0, 261117.0, 263745.0, 266373.0, 269001.0, 271629.0]
  Mean : 141572.28
  Standard deviation: 76238.14302142433
[23763.0, 29271.0, 34783.0, 40287.0, 45799.0, 51303.0, 56811.0, 62323.0, 67827.0, 73339.0, 78843.0, 84351.0, 89859.0, 95367.0, 100879.0, 106387.0, 111891.0, 117399.0, 122911.0, 128415.0, 133927.0, 139431.0, 144943.0, 150447.0, 155959.0, 161467.0, 166971.0, 172479.0, 177991.0, 183499.0, 189003.0, 194515.0, 200023.0, 205527.0, 211035.0, 216547.0, 222051.0, 227563.0, 233067.0, 238575.0, 244083.0, 249595.0, 255103.0, 260611.0, 266115.0, 271627.0, 277135.0, 282639.0, 288151.0, 293659.0, 299163.0, 304675.0, 310179.0, 315691.0, 321195.0, 326703.0, 332215.0, 337719.0, 343231.0, 348735.0, 354247.0, 359751.0, 365263.0, 370767.0, 376275.0, 381787.0, 387291.0, 392803.0, 398311.0, 403819.0, 409323.0, 414831.0, 420339.0, 425851.0, 431355.0, 436863.0, 442371.0, 447883.0, 453387.0, 458899.0, 464403.0, 469915.0, 475423.0, 480927.0, 486439.0, 491947.0, 497451.0, 502959.0, 508467.0, 513979.0, 519483.0, 524991.0, 530469.0, 535977.0, 541485.0, 546993.0, 552501.0, 558009.0, 563517.0, 569025.0]
  Mean : 296408.28
  Standard deviation: 159791.239697558
[4.0, 0.0, 0.0, 0.0, 0.0, 0.0, 11.0, 0.0, 0.0, 0.0, 3.0, 0.0, 0.0, 0.0, 0.0, 0.0, 0.0, 1.0, 0.0, 4.0, 0.0, 6.0, 0.0, 0.0, 0.0, 0.0, 2.0, 0.0, 0.0, 1.0, 0.0, 0.0, 0.0, 0.0, 0.0, 0.0, 4.0, 0.0, 0.0, 1.0, 6.0, 0.0, 0.0, 0.0, 1.0, 0.0, 0.0, 1.0, 0.0, 0.0, 0.0, 0.0, 0.0, 0.0, 0.0, 1.0, 0.0, 0.0, 0.0, 0.0, 0.0, 0.0, 0.0, 4.0, 0.0, 0.0, 0.0, 0.0, 0.0, 0.0, 0.0, 0.0, 0.0, 0.0, 3.0, 0.0, 0.0, 0.0, 0.0, 0.0, 1.0, 1.0, 0.0, 1.0, 1.0, 0.0, 0.0, 1.0, 0.0, 0.0, 0.0, 0.0, 53.0, 53.0, 53.0, 53.0, 53.0, 53.0, 53.0, 53.0]
  Mean : 4.82
  Standard deviation: 14.36844185053206
[0.0, 0.0, 0.0, 0.0, 0.0, 0.0, 0.0, 0.0, 0.0, 0.0, 0.0, 0.0, 0.0, 0.0, 0.0, 0.0, 0.0, 0.0, 0.0, 0.0, 0.0, 0.0, 0.0, 0.0, 0.0, 0.0, 0.0, 0.0, 0.0, 0.0, 0.0, 0.0, 0.0, 0.0, 0.0, 0.0, 0.0, 0.0, 0.0, 0.0, 0.0, 0.0, 0.0, 0.0, 0.0, 0.0, 0.0, 0.0, 0.0, 0.0, 0.0, 0.0, 0.0, 0.0, 0.0, 0.0, 0.0, 0.0, 0.0, 0.0, 0.0, 0.0, 0.0, 0.0, 0.0, 0.0, 0.0, 0.0, 0.0, 0.0, 0.0, 0.0, 0.0, 0.0, 0.0, 0.0, 0.0, 0.0, 0.0, 0.0, 0.0, 0.0, 0.0, 0.0, 0.0, 0.0, 0.0, 0.0, 0.0, 0.0, 0.0, 0.0, 0.0, 0.0, 0.0, 0.0, 0.0, 0.0, 0.0, 0.0]
  Mean : 0.0
  Standard deviation: 0.0
[0.0, 0.0, 0.0, 0.0, 0.0, 0.0, 0.0, 0.0, 0.0, 0.0, 0.0, 0.0, 0.0, 0.0, 0.0, 0.0, 0.0, 0.0, 0.0, 0.0, 0.0, 0.0, 0.0, 0.0, 0.0, 0.0, 0.0, 0.0, 0.0, 0.0, 0.0, 0.0, 0.0, 0.0, 0.0, 0.0, 0.0, 0.0, 0.0, 0.0, 0.0, 0.0, 0.0, 0.0, 0.0, 0.0, 0.0, 0.0, 0.0, 0.0, 0.0, 0.0, 0.0, 0.0, 0.0, 0.0, 0.0, 0.0, 0.0, 0.0, 0.0, 0.0, 0.0, 0.0, 0.0, 0.0, 0.0, 0.0, 0.0, 0.0, 0.0, 0.0, 0.0, 0.0, 0.0, 0.0, 0.0, 0.0, 0.0, 0.0, 0.0, 0.0, 0.0, 0.0, 0.0, 0.0, 0.0, 0.0, 0.0, 0.0, 0.0, 0.0, 0.0, 0.0, 0.0, 0.0, 0.0, 0.0, 0.0, 0.0]
  Mean : 0.0
  Standard deviation: 0.0
[0.0, 0.0, 0.0, 0.0, 0.0, 0.0, 0.0, 0.0, 0.0, 0.0, 0.0, 0.0, 0.0, 0.0, 0.0, 0.0, 0.0, 0.0, 0.0, 0.0, 0.0, 0.0, 0.0, 0.0, 0.0, 0.0, 0.0, 0.0, 0.0, 0.0, 0.0, 0.0, 0.0, 0.0, 0.0, 0.0, 0.0, 0.0, 0.0, 0.0, 0.0, 0.0, 0.0, 0.0, 0.0, 0.0, 0.0, 0.0, 0.0, 0.0, 0.0, 0.0, 0.0, 0.0, 0.0, 0.0, 0.0, 0.0, 0.0, 0.0, 0.0, 0.0, 0.0, 0.0, 0.0, 0.0, 0.0, 0.0, 0.0, 0.0, 0.0, 0.0, 0.0, 0.0, 0.0, 0.0, 0.0, 0.0, 0.0, 0.0, 0.0, 0.0, 0.0, 0.0, 0.0, 0.0, 0.0, 0.0, 0.0, 0.0, 0.0, 0.0, 0.0, 0.0, 0.0, 0.0, 0.0, 0.0, 0.0, 0.0]
  Mean : 0.0
  Standard deviation: 0.0
[99.0, 0.0, 0.0, 0.0, 0.0, 0.0, 252.0, 0.0, 0.0, 0.0, 65.0, 0.0, 0.0, 0.0, 0.0, 0.0, 0.0, 15.0, 0.0, 148.0, 0.0, 285.0, 0.0, 0.0, 0.0, 0.0, 61.0, 0.0, 0.0, 15.0, 0.0, 0.0, 0.0, 0.0, 0.0, 0.0, 99.0, 0.0, 0.0, 15.0, 167.0, 0.0, 0.0, 0.0, 15.0, 0.0, 0.0, 15.0, 0.0, 0.0, 0.0, 0.0, 0.0, 0.0, 0.0, 28.0, 0.0, 0.0, 0.0, 0.0, 0.0, 0.0, 0.0, 75.0, 0.0, 0.0, 0.0, 0.0, 0.0, 0.0, 0.0, 0.0, 0.0, 0.0, 89.0, 0.0, 0.0, 0.0, 0.0, 0.0, 21.0, 49.0, 0.0, 15.0, 15.0, 0.0, 0.0, 102.0, 0.0, 0.0, 0.0, 0.0, 1310.0, 1310.0, 1310.0, 1310.0, 1310.0, 1310.0, 1310.0, 1310.0]
  Mean : 121.25
  Standard deviation: 355.47471105835393
[0.0, 0.0, 0.0, 0.0, 0.0, 0.0, 0.0, 0.0, 0.0, 0.0, 0.0, 0.0, 0.0, 0.0, 0.0, 0.0, 0.0, 0.0, 0.0, 0.0, 0.0, 0.0, 0.0, 0.0, 0.0, 0.0, 0.0, 0.0, 0.0, 0.0, 0.0, 0.0, 0.0, 0.0, 0.0, 0.0, 0.0, 0.0, 0.0, 0.0, 0.0, 0.0, 0.0, 0.0, 0.0, 0.0, 0.0, 0.0, 0.0, 0.0, 0.0, 0.0, 0.0, 0.0, 0.0, 0.0, 0.0, 0.0, 0.0, 0.0, 0.0, 0.0, 0.0, 0.0, 0.0, 0.0, 0.0, 0.0, 0.0, 0.0, 0.0, 0.0, 0.0, 0.0, 0.0, 0.0, 0.0, 0.0, 0.0, 0.0, 0.0, 0.0, 0.0, 0.0, 0.0, 0.0, 0.0, 0.0, 0.0, 0.0, 0.0, 0.0, 0.0, 0.0, 0.0, 0.0, 0.0, 0.0, 0.0, 0.0]
  Mean : 0.0
  Standard deviation: 0.0
[906.0, 729.0, 729.0, 729.0, 729.0, 729.0, 1400.0, 729.0, 729.0, 729.0, 839.0, 729.0, 729.0, 729.0, 729.0, 729.0, 729.0, 766.0, 729.0, 1106.0, 729.0, 1110.0, 729.0, 729.0, 729.0, 729.0, 835.0, 729.0, 729.0, 757.0, 729.0, 729.0, 729.0, 729.0, 729.0, 729.0, 906.0, 729.0, 729.0, 758.0, 1117.0, 729.0, 729.0, 729.0, 830.0, 729.0, 729.0, 748.0, 729.0, 729.0, 729.0, 729.0, 729.0, 729.0, 729.0, 764.0, 729.0, 729.0, 729.0, 729.0, 729.0, 729.0, 729.0, 1003.0, 729.0, 729.0, 729.0, 729.0, 729.0, 729.0, 729.0, 729.0, 729.0, 729.0, 877.0, 729.0, 729.0, 729.0, 729.0, 729.0, 779.0, 778.0, 729.0, 775.0, 743.0, 729.0, 729.0, 899.0, 729.0, 729.0, 729.0, 729.0, 3575.0, 3575.0, 3575.0, 3575.0, 3575.0, 3575.0, 3575.0, 3575.0]
  Mean : 990.55
  Standard deviation: 772.4997515608767
[0.000481, 0.000456, 0.000629, 0.000612, 0.000736, 0.000739, 0.001284, 0.000817, 0.000973, 0.000962, 0.001051, 0.000995, 0.001082, 0.001203, 0.001424, 0.001394, 0.001584, 0.001497, 0.001796, 0.002537, 0.001681, 0.002387, 0.001778, 0.001931, 0.002005, 0.001819, 0.002533, 0.002305, 0.002725, 0.002335, 0.002872, 0.003159, 0.002599, 0.002485, 0.002798, 0.00217, 0.003931, 0.002149, 0.003059, 0.002204, 0.004374, 0.002998, 0.003412, 0.003211, 0.002406, 0.002549, 0.002413, 0.003873, 0.002941, 0.002993, 0.004309, 0.002733, 0.003802, 0.003921, 0.005274, 0.003105, 0.003807, 0.003208, 0.005218, 0.003883, 0.003295, 0.003934, 0.006145, 0.009611, 0.003344, 0.004274, 0.004229, 0.005258, 0.003912, 0.003094, 0.003766, 0.0032, 0.003219, 0.003236, 0.003732, 0.003382, 0.003422, 0.003264, 0.003378, 0.003439, 0.003642, 0.003748, 0.003498, 0.003834, 0.003747, 0.003744, 0.003744, 0.004519, 0.003536, 0.003866, 0.003673, 0.003707, 0.014224, 0.014677, 0.014417, 0.014617, 0.014569, 0.015297, 0.015247, 0.015235]
  Mean : 0.0038628200000000003
  Standard deviation: 0.003507596504730839

Encoding (2)
[3.0, 0.0, 0.0, 0.0, 0.0, 0.0, 7.0, 0.0, 0.0, 0.0, 1.0, 0.0, 0.0, 0.0, 0.0, 0.0, 0.0, 1.0, 0.0, 5.0, 1.0, 8.0, 0.0, 0.0, 0.0, 0.0, 1.0, 0.0, 1.0, 1.0, 0.0, 0.0, 0.0, 0.0, 0.0, 0.0, 3.0, 0.0, 0.0, 1.0, 3.0, 0.0, 0.0, 5.0, 1.0, 0.0, 0.0, 1.0, 0.0, 0.0, 0.0, 0.0, 0.0, 0.0, 0.0, 1.0, 0.0, 0.0, 0.0, 0.0, 0.0, 0.0, 0.0, 6.0, 0.0, 0.0, 1.0, 0.0, 0.0, 0.0, 0.0, 0.0, 0.0, 1.0, 3.0, 0.0, 0.0, 0.0, 0.0, 0.0, 2.0, 3.0, 0.0, 6.0, 1.0, 0.0, 3.0, 3.0, 0.0, 0.0, 0.0, 0.0, 89.0, 89.0, 89.0, 89.0, 89.0, 89.0, 89.0, 89.0]
  Mean : 7.85
  Standard deviation: 24.104308261546873
[10.0, 1.0, 1.0, 1.0, 1.0, 1.0, 27.0, 1.0, 1.0, 1.0, 4.0, 1.0, 1.0, 1.0, 1.0, 1.0, 1.0, 3.0, 1.0, 10.0, 2.0, 17.0, 1.0, 1.0, 1.0, 1.0, 3.0, 1.0, 2.0, 2.0, 1.0, 1.0, 1.0, 1.0, 1.0, 1.0, 10.0, 1.0, 1.0, 2.0, 8.0, 1.0, 1.0, 6.0, 3.0, 1.0, 1.0, 2.0, 1.0, 1.0, 1.0, 1.0, 1.0, 1.0, 1.0, 2.0, 1.0, 1.0, 1.0, 1.0, 1.0, 1.0, 1.0, 9.0, 1.0, 1.0, 2.0, 1.0, 1.0, 1.0, 1.0, 1.0, 1.0, 2.0, 6.0, 1.0, 1.0, 1.0, 1.0, 1.0, 5.0, 4.0, 1.0, 8.0, 3.0, 1.0, 4.0, 4.0, 1.0, 1.0, 1.0, 1.0, 164.0, 164.0, 164.0, 164.0, 164.0, 164.0, 164.0, 164.0]
  Mean : 15.37
  Standard deviation: 44.19485207006524
[729.0, 729.0, 729.0, 729.0, 729.0, 729.0, 729.0, 729.0, 729.0, 729.0, 729.0, 729.0, 729.0, 729.0, 729.0, 729.0, 729.0, 729.0, 729.0, 729.0, 729.0, 729.0, 729.0, 729.0, 729.0, 729.0, 729.0, 729.0, 729.0, 729.0, 729.0, 729.0, 729.0, 729.0, 729.0, 729.0, 729.0, 729.0, 729.0, 729.0, 729.0, 729.0, 729.0, 729.0, 729.0, 729.0, 729.0, 729.0, 729.0, 729.0, 729.0, 729.0, 729.0, 729.0, 729.0, 729.0, 729.0, 729.0, 729.0, 729.0, 729.0, 729.0, 729.0, 729.0, 729.0, 729.0, 729.0, 729.0, 729.0, 729.0, 729.0, 729.0, 729.0, 729.0, 729.0, 729.0, 729.0, 729.0, 729.0, 729.0, 729.0, 729.0, 729.0, 729.0, 729.0, 729.0, 729.0, 729.0, 729.0, 729.0, 729.0, 729.0, 729.0, 729.0, 729.0, 729.0, 729.0, 729.0, 729.0, 729.0]
  Mean : 729.0
  Standard deviation: 0.0
[14403.0, 17031.0, 19663.0, 22287.0, 24919.0, 27543.0, 30171.0, 32803.0, 35427.0, 38059.0, 40683.0, 43311.0, 45939.0, 48567.0, 51199.0, 53827.0, 56451.0, 59079.0, 61711.0, 64335.0, 66967.0, 69591.0, 72223.0, 74847.0, 77479.0, 80107.0, 82731.0, 85359.0, 87991.0, 90619.0, 93243.0, 95875.0, 98503.0, 101127.0, 103755.0, 106387.0, 109011.0, 111643.0, 114267.0, 116895.0, 119523.0, 122155.0, 124783.0, 127411.0, 130035.0, 132667.0, 135295.0, 137919.0, 140551.0, 143179.0, 145803.0, 148435.0, 151059.0, 153691.0, 156315.0, 158943.0, 161575.0, 164199.0, 166831.0, 169455.0, 172087.0, 174711.0, 177343.0, 179967.0, 182595.0, 185227.0, 187851.0, 190483.0, 193111.0, 195739.0, 198363.0, 200991.0, 203619.0, 206251.0, 208875.0, 211503.0, 214131.0, 216763.0, 219387.0, 222019.0, 224643.0, 227275.0, 229903.0, 232527.0, 235159.0, 237787.0, 240411.0, 243039.0, 245667.0, 248299.0, 250923.0, 253551.0, 256149.0, 258777.0, 261405.0, 264033.0, 266661.0, 269289.0, 271917.0, 274545.0]
  Mean : 144488.28
  Standard deviation: 76238.14302142433
[29595.0, 35103.0, 40615.0, 46119.0, 51631.0, 57135.0, 62643.0, 68155.0, 73659.0, 79171.0, 84675.0, 90183.0, 95691.0, 101199.0, 106711.0, 112219.0, 117723.0, 123231.0, 128743.0, 134247.0, 139759.0, 145263.0, 150775.0, 156279.0, 161791.0, 167299.0, 172803.0, 178311.0, 183823.0, 189331.0, 194835.0, 200347.0, 205855.0, 211359.0, 216867.0, 222379.0, 227883.0, 233395.0, 238899.0, 244407.0, 249915.0, 255427.0, 260935.0, 266443.0, 271947.0, 277459.0, 282967.0, 288471.0, 293983.0, 299491.0, 304995.0, 310507.0, 316011.0, 321523.0, 327027.0, 332535.0, 338047.0, 343551.0, 349063.0, 354567.0, 360079.0, 365583.0, 371095.0, 376599.0, 382107.0, 387619.0, 393123.0, 398635.0, 404143.0, 409651.0, 415155.0, 420663.0, 426171.0, 431683.0, 437187.0, 442695.0, 448203.0, 453715.0, 459219.0, 464731.0, 470235.0, 475747.0, 481255.0, 486759.0, 492271.0, 497779.0, 503283.0, 508791.0, 514299.0, 519811.0, 525315.0, 530823.0, 536301.0, 541809.0, 547317.0, 552825.0, 558333.0, 563841.0, 569349.0, 574857.0]
  Mean : 302240.28
  Standard deviation: 159791.239697558
[4.0, 0.0, 0.0, 0.0, 0.0, 0.0, 11.0, 0.0, 0.0, 0.0, 3.0, 0.0, 0.0, 0.0, 0.0, 0.0, 0.0, 1.0, 0.0, 4.0, 0.0, 6.0, 0.0, 0.0, 0.0, 0.0, 2.0, 0.0, 0.0, 1.0, 0.0, 0.0, 0.0, 0.0, 0.0, 0.0, 4.0, 0.0, 0.0, 1.0, 6.0, 0.0, 0.0, 0.0, 1.0, 0.0, 0.0, 1.0, 0.0, 0.0, 0.0, 0.0, 0.0, 0.0, 0.0, 1.0, 0.0, 0.0, 0.0, 0.0, 0.0, 0.0, 0.0, 4.0, 0.0, 0.0, 0.0, 0.0, 0.0, 0.0, 0.0, 0.0, 0.0, 0.0, 3.0, 0.0, 0.0, 0.0, 0.0, 0.0, 1.0, 1.0, 0.0, 1.0, 1.0, 0.0, 0.0, 1.0, 0.0, 0.0, 0.0, 0.0, 53.0, 53.0, 53.0, 53.0, 53.0, 53.0, 53.0, 53.0]
  Mean : 4.82
  Standard deviation: 14.36844185053206
[0.0, 0.0, 0.0, 0.0, 0.0, 0.0, 0.0, 0.0, 0.0, 0.0, 0.0, 0.0, 0.0, 0.0, 0.0, 0.0, 0.0, 0.0, 0.0, 0.0, 0.0, 0.0, 0.0, 0.0, 0.0, 0.0, 0.0, 0.0, 0.0, 0.0, 0.0, 0.0, 0.0, 0.0, 0.0, 0.0, 0.0, 0.0, 0.0, 0.0, 0.0, 0.0, 0.0, 0.0, 0.0, 0.0, 0.0, 0.0, 0.0, 0.0, 0.0, 0.0, 0.0, 0.0, 0.0, 0.0, 0.0, 0.0, 0.0, 0.0, 0.0, 0.0, 0.0, 0.0, 0.0, 0.0, 0.0, 0.0, 0.0, 0.0, 0.0, 0.0, 0.0, 0.0, 0.0, 0.0, 0.0, 0.0, 0.0, 0.0, 0.0, 0.0, 0.0, 0.0, 0.0, 0.0, 0.0, 0.0, 0.0, 0.0, 0.0, 0.0, 0.0, 0.0, 0.0, 0.0, 0.0, 0.0, 0.0, 0.0]
  Mean : 0.0
  Standard deviation: 0.0
[0.0, 0.0, 0.0, 0.0, 0.0, 0.0, 0.0, 0.0, 0.0, 0.0, 0.0, 0.0, 0.0, 0.0, 0.0, 0.0, 0.0, 0.0, 0.0, 0.0, 0.0, 0.0, 0.0, 0.0, 0.0, 0.0, 0.0, 0.0, 0.0, 0.0, 0.0, 0.0, 0.0, 0.0, 0.0, 0.0, 0.0, 0.0, 0.0, 0.0, 0.0, 0.0, 0.0, 0.0, 0.0, 0.0, 0.0, 0.0, 0.0, 0.0, 0.0, 0.0, 0.0, 0.0, 0.0, 0.0, 0.0, 0.0, 0.0, 0.0, 0.0, 0.0, 0.0, 0.0, 0.0, 0.0, 0.0, 0.0, 0.0, 0.0, 0.0, 0.0, 0.0, 0.0, 0.0, 0.0, 0.0, 0.0, 0.0, 0.0, 0.0, 0.0, 0.0, 0.0, 0.0, 0.0, 0.0, 0.0, 0.0, 0.0, 0.0, 0.0, 0.0, 0.0, 0.0, 0.0, 0.0, 0.0, 0.0, 0.0]
  Mean : 0.0
  Standard deviation: 0.0
[0.0, 0.0, 0.0, 0.0, 0.0, 0.0, 0.0, 0.0, 0.0, 0.0, 0.0, 0.0, 0.0, 0.0, 0.0, 0.0, 0.0, 0.0, 0.0, 0.0, 0.0, 0.0, 0.0, 0.0, 0.0, 0.0, 0.0, 0.0, 0.0, 0.0, 0.0, 0.0, 0.0, 0.0, 0.0, 0.0, 0.0, 0.0, 0.0, 0.0, 0.0, 0.0, 0.0, 0.0, 0.0, 0.0, 0.0, 0.0, 0.0, 0.0, 0.0, 0.0, 0.0, 0.0, 0.0, 0.0, 0.0, 0.0, 0.0, 0.0, 0.0, 0.0, 0.0, 0.0, 0.0, 0.0, 0.0, 0.0, 0.0, 0.0, 0.0, 0.0, 0.0, 0.0, 0.0, 0.0, 0.0, 0.0, 0.0, 0.0, 0.0, 0.0, 0.0, 0.0, 0.0, 0.0, 0.0, 0.0, 0.0, 0.0, 0.0, 0.0, 0.0, 0.0, 0.0, 0.0, 0.0, 0.0, 0.0, 0.0]
  Mean : 0.0
  Standard deviation: 0.0
[99.0, 0.0, 0.0, 0.0, 0.0, 0.0, 252.0, 0.0, 0.0, 0.0, 65.0, 0.0, 0.0, 0.0, 0.0, 0.0, 0.0, 15.0, 0.0, 148.0, 0.0, 285.0, 0.0, 0.0, 0.0, 0.0, 61.0, 0.0, 0.0, 15.0, 0.0, 0.0, 0.0, 0.0, 0.0, 0.0, 99.0, 0.0, 0.0, 15.0, 167.0, 0.0, 0.0, 0.0, 15.0, 0.0, 0.0, 15.0, 0.0, 0.0, 0.0, 0.0, 0.0, 0.0, 0.0, 28.0, 0.0, 0.0, 0.0, 0.0, 0.0, 0.0, 0.0, 75.0, 0.0, 0.0, 0.0, 0.0, 0.0, 0.0, 0.0, 0.0, 0.0, 0.0, 89.0, 0.0, 0.0, 0.0, 0.0, 0.0, 21.0, 49.0, 0.0, 15.0, 15.0, 0.0, 0.0, 102.0, 0.0, 0.0, 0.0, 0.0, 1310.0, 1310.0, 1310.0, 1310.0, 1310.0, 1310.0, 1310.0, 1310.0]
  Mean : 121.25
  Standard deviation: 355.47471105835393
[0.0, 0.0, 0.0, 0.0, 0.0, 0.0, 0.0, 0.0, 0.0, 0.0, 0.0, 0.0, 0.0, 0.0, 0.0, 0.0, 0.0, 0.0, 0.0, 0.0, 0.0, 0.0, 0.0, 0.0, 0.0, 0.0, 0.0, 0.0, 0.0, 0.0, 0.0, 0.0, 0.0, 0.0, 0.0, 0.0, 0.0, 0.0, 0.0, 0.0, 0.0, 0.0, 0.0, 0.0, 0.0, 0.0, 0.0, 0.0, 0.0, 0.0, 0.0, 0.0, 0.0, 0.0, 0.0, 0.0, 0.0, 0.0, 0.0, 0.0, 0.0, 0.0, 0.0, 0.0, 0.0, 0.0, 0.0, 0.0, 0.0, 0.0, 0.0, 0.0, 0.0, 0.0, 0.0, 0.0, 0.0, 0.0, 0.0, 0.0, 0.0, 0.0, 0.0, 0.0, 0.0, 0.0, 0.0, 0.0, 0.0, 0.0, 0.0, 0.0, 0.0, 0.0, 0.0, 0.0, 0.0, 0.0, 0.0, 0.0]
  Mean : 0.0
  Standard deviation: 0.0
[871.0, 729.0, 729.0, 729.0, 729.0, 729.0, 1244.0, 729.0, 729.0, 729.0, 806.0, 729.0, 729.0, 729.0, 729.0, 729.0, 729.0, 754.0, 729.0, 993.0, 729.0, 996.0, 729.0, 729.0, 729.0, 729.0, 806.0, 729.0, 729.0, 747.0, 729.0, 729.0, 729.0, 729.0, 729.0, 729.0, 871.0, 729.0, 729.0, 748.0, 1005.0, 729.0, 729.0, 729.0, 798.0, 729.0, 729.0, 741.0, 729.0, 729.0, 729.0, 729.0, 729.0, 729.0, 729.0, 751.0, 729.0, 729.0, 729.0, 729.0, 729.0, 729.0, 729.0, 900.0, 729.0, 729.0, 729.0, 729.0, 729.0, 729.0, 729.0, 729.0, 729.0, 729.0, 834.0, 729.0, 729.0, 729.0, 729.0, 729.0, 766.0, 769.0, 729.0, 760.0, 741.0, 729.0, 729.0, 854.0, 729.0, 729.0, 729.0, 729.0, 3546.0, 3546.0, 3546.0, 3546.0, 3546.0, 3546.0, 3546.0, 3546.0]
  Mean : 978.82
  Standard deviation: 764.3849099145342
[0.00057, 0.0005, 0.000499, 0.000657, 0.000675, 0.000761, 0.001322, 0.000836, 0.001092, 0.000938, 0.001223, 0.001222, 0.001257, 0.001243, 0.001412, 0.001389, 0.001384, 0.001624, 0.00177, 0.002358, 0.001766, 0.002514, 0.001779, 0.001738, 0.001893, 0.001754, 0.0026, 0.00222, 0.002388, 0.002808, 0.002476, 0.002555, 0.003122, 0.003057, 0.00277, 0.003319, 0.002287, 0.003161, 0.002958, 0.003682, 0.002686, 0.003738, 0.002098, 0.003884, 0.003082, 0.002805, 0.004187, 0.004476, 0.003956, 0.002361, 0.00259, 0.003769, 0.004101, 0.002737, 0.002767, 0.00309, 0.003163, 0.005083, 0.003287, 0.003771, 0.005536, 0.00332, 0.004052, 0.004199, 0.004073, 0.003775, 0.004129, 0.003534, 0.004998, 0.003749, 0.003342, 0.003645, 0.003083, 0.003191, 0.003624, 0.003352, 0.003234, 0.003353, 0.00332, 0.003416, 0.003506, 0.003711, 0.003461, 0.003739, 0.003729, 0.003625, 0.003518, 0.004237, 0.003559, 0.003775, 0.003658, 0.003622, 0.013981, 0.014028, 0.014542, 0.014424, 0.014626, 0.01488, 0.014939, 0.015013]
  Mean : 0.0037670799999999995
  Standard deviation: 0.0033832325486705525

Encoding (3)
[0.0, 0.0, 0.0, 0.0, 0.0, 0.0, 0.0, 0.0, 0.0, 0.0, 0.0, 0.0, 0.0, 0.0, 0.0, 0.0, 0.0, 0.0, 0.0, 0.0, 1.0, 0.0, 0.0, 0.0, 0.0, 0.0, 0.0, 0.0, 0.0, 0.0, 0.0, 0.0, 0.0, 0.0, 0.0, 0.0, 0.0, 0.0, 0.0, 0.0, 0.0, 0.0, 0.0, 0.0, 0.0, 0.0, 0.0, 0.0, 0.0, 0.0, 0.0, 0.0, 0.0, 0.0, 0.0, 0.0, 0.0, 0.0, 0.0, 0.0, 0.0, 0.0, 0.0, 0.0, 0.0, 0.0, 0.0, 0.0, 0.0, 0.0, 0.0, 0.0, 0.0, 0.0, 1.0, 0.0, 0.0, 0.0, 0.0, 0.0, 0.0, 1.0, 0.0, 0.0, 0.0, 0.0, 0.0, 0.0, 0.0, 0.0, 0.0, 0.0, 88.0, 88.0, 88.0, 88.0, 88.0, 88.0, 88.0, 88.0]
  Mean : 7.07
  Standard deviation: 23.985793354156186
[1.0, 1.0, 1.0, 1.0, 1.0, 1.0, 1.0, 1.0, 1.0, 1.0, 1.0, 1.0, 1.0, 1.0, 1.0, 1.0, 1.0, 1.0, 1.0, 1.0, 2.0, 1.0, 1.0, 1.0, 1.0, 1.0, 1.0, 1.0, 1.0, 1.0, 1.0, 1.0, 1.0, 1.0, 1.0, 1.0, 1.0, 1.0, 1.0, 1.0, 1.0, 1.0, 1.0, 1.0, 1.0, 1.0, 1.0, 1.0, 1.0, 1.0, 1.0, 1.0, 1.0, 1.0, 1.0, 1.0, 1.0, 1.0, 1.0, 1.0, 1.0, 1.0, 1.0, 1.0, 1.0, 1.0, 1.0, 1.0, 1.0, 1.0, 1.0, 1.0, 1.0, 1.0, 2.0, 1.0, 1.0, 1.0, 1.0, 1.0, 1.0, 2.0, 1.0, 1.0, 1.0, 1.0, 1.0, 1.0, 1.0, 1.0, 1.0, 1.0, 154.0, 154.0, 154.0, 154.0, 154.0, 154.0, 154.0, 154.0]
  Mean : 13.27
  Standard deviation: 41.708428768092304
[729.0, 729.0, 729.0, 729.0, 729.0, 729.0, 729.0, 729.0, 729.0, 729.0, 729.0, 729.0, 729.0, 729.0, 729.0, 729.0, 729.0, 729.0, 729.0, 729.0, 729.0, 729.0, 729.0, 729.0, 729.0, 729.0, 729.0, 729.0, 729.0, 729.0, 729.0, 729.0, 729.0, 729.0, 729.0, 729.0, 729.0, 729.0, 729.0, 729.0, 729.0, 729.0, 729.0, 729.0, 729.0, 729.0, 729.0, 729.0, 729.0, 729.0, 729.0, 729.0, 729.0, 729.0, 729.0, 729.0, 729.0, 729.0, 729.0, 729.0, 729.0, 729.0, 729.0, 729.0, 729.0, 729.0, 729.0, 729.0, 729.0, 729.0, 729.0, 729.0, 729.0, 729.0, 729.0, 729.0, 729.0, 729.0, 729.0, 729.0, 729.0, 729.0, 729.0, 729.0, 729.0, 729.0, 729.0, 729.0, 729.0, 729.0, 729.0, 729.0, 729.0, 729.0, 729.0, 729.0, 729.0, 729.0, 729.0, 729.0]
  Mean : 729.0
  Standard deviation: 0.0
[14646.0, 17274.0, 19906.0, 22530.0, 25162.0, 27786.0, 30414.0, 33046.0, 35670.0, 38302.0, 40926.0, 43554.0, 46182.0, 48810.0, 51442.0, 54070.0, 56694.0, 59322.0, 61954.0, 64578.0, 67210.0, 69834.0, 72466.0, 75090.0, 77722.0, 80350.0, 82974.0, 85602.0, 88234.0, 90862.0, 93486.0, 96118.0, 98746.0, 101370.0, 103998.0, 106630.0, 109254.0, 111886.0, 114510.0, 117138.0, 119766.0, 122398.0, 125026.0, 127654.0, 130278.0, 132910.0, 135538.0, 138162.0, 140794.0, 143422.0, 146046.0, 148678.0, 151302.0, 153934.0, 156558.0, 159186.0, 161818.0, 164442.0, 167074.0, 169698.0, 172330.0, 174954.0, 177586.0, 180210.0, 182838.0, 185470.0, 188094.0, 190726.0, 193354.0, 195982.0, 198606.0, 201234.0, 203862.0, 206494.0, 209118.0, 211746.0, 214374.0, 217006.0, 219630.0, 222262.0, 224886.0, 227518.0, 230146.0, 232770.0, 235402.0, 238030.0, 240654.0, 243282.0, 245910.0, 248542.0, 251166.0, 253794.0, 256392.0, 259020.0, 261648.0, 264276.0, 266904.0, 269532.0, 272160.0, 274788.0]
  Mean : 144731.28
  Standard deviation: 76238.14302142433
[31782.0, 37290.0, 42802.0, 48306.0, 53818.0, 59322.0, 64830.0, 70342.0, 75846.0, 81358.0, 86862.0, 92370.0, 97878.0, 103386.0, 108898.0, 114406.0, 119910.0, 125418.0, 130930.0, 136434.0, 141946.0, 147450.0, 152962.0, 158466.0, 163978.0, 169486.0, 174990.0, 180498.0, 186010.0, 191518.0, 197022.0, 202534.0, 208042.0, 213546.0, 219054.0, 224566.0, 230070.0, 235582.0, 241086.0, 246594.0, 252102.0, 257614.0, 263122.0, 268630.0, 274134.0, 279646.0, 285154.0, 290658.0, 296170.0, 301678.0, 307182.0, 312694.0, 318198.0, 323710.0, 329214.0, 334722.0, 340234.0, 345738.0, 351250.0, 356754.0, 362266.0, 367770.0, 373282.0, 378786.0, 384294.0, 389806.0, 395310.0, 400822.0, 406330.0, 411838.0, 417342.0, 422850.0, 428358.0, 433870.0, 439374.0, 444882.0, 450390.0, 455902.0, 461406.0, 466918.0, 472422.0, 477934.0, 483442.0, 488946.0, 494458.0, 499966.0, 505470.0, 510978.0, 516486.0, 521998.0, 527502.0, 533010.0, 538488.0, 543996.0, 549504.0, 555012.0, 560520.0, 566028.0, 571536.0, 577044.0]
  Mean : 304427.28
  Standard deviation: 159791.239697558
[0.0, 0.0, 0.0, 0.0, 0.0, 0.0, 0.0, 0.0, 0.0, 0.0, 0.0, 0.0, 0.0, 0.0, 0.0, 0.0, 0.0, 0.0, 0.0, 0.0, 0.0, 0.0, 0.0, 0.0, 0.0, 0.0, 0.0, 0.0, 0.0, 0.0, 0.0, 0.0, 0.0, 0.0, 0.0, 0.0, 0.0, 0.0, 0.0, 0.0, 0.0, 0.0, 0.0, 0.0, 0.0, 0.0, 0.0, 0.0, 0.0, 0.0, 0.0, 0.0, 0.0, 0.0, 0.0, 0.0, 0.0, 0.0, 0.0, 0.0, 0.0, 0.0, 0.0, 0.0, 0.0, 0.0, 0.0, 0.0, 0.0, 0.0, 0.0, 0.0, 0.0, 0.0, 0.0, 0.0, 0.0, 0.0, 0.0, 0.0, 0.0, 1.0, 0.0, 0.0, 0.0, 0.0, 0.0, 0.0, 0.0, 0.0, 0.0, 0.0, 46.0, 46.0, 46.0, 46.0, 46.0, 46.0, 46.0, 46.0]
  Mean : 3.69
  Standard deviation: 12.53979121183298
[0.0, 0.0, 0.0, 0.0, 0.0, 0.0, 0.0, 0.0, 0.0, 0.0, 0.0, 0.0, 0.0, 0.0, 0.0, 0.0, 0.0, 0.0, 0.0, 0.0, 0.0, 0.0, 0.0, 0.0, 0.0, 0.0, 0.0, 0.0, 0.0, 0.0, 0.0, 0.0, 0.0, 0.0, 0.0, 0.0, 0.0, 0.0, 0.0, 0.0, 0.0, 0.0, 0.0, 0.0, 0.0, 0.0, 0.0, 0.0, 0.0, 0.0, 0.0, 0.0, 0.0, 0.0, 0.0, 0.0, 0.0, 0.0, 0.0, 0.0, 0.0, 0.0, 0.0, 0.0, 0.0, 0.0, 0.0, 0.0, 0.0, 0.0, 0.0, 0.0, 0.0, 0.0, 0.0, 0.0, 0.0, 0.0, 0.0, 0.0, 0.0, 0.0, 0.0, 0.0, 0.0, 0.0, 0.0, 0.0, 0.0, 0.0, 0.0, 0.0, 0.0, 0.0, 0.0, 0.0, 0.0, 0.0, 0.0, 0.0]
  Mean : 0.0
  Standard deviation: 0.0
[0.0, 0.0, 0.0, 0.0, 0.0, 0.0, 0.0, 0.0, 0.0, 0.0, 0.0, 0.0, 0.0, 0.0, 0.0, 0.0, 0.0, 0.0, 0.0, 0.0, 0.0, 0.0, 0.0, 0.0, 0.0, 0.0, 0.0, 0.0, 0.0, 0.0, 0.0, 0.0, 0.0, 0.0, 0.0, 0.0, 0.0, 0.0, 0.0, 0.0, 0.0, 0.0, 0.0, 0.0, 0.0, 0.0, 0.0, 0.0, 0.0, 0.0, 0.0, 0.0, 0.0, 0.0, 0.0, 0.0, 0.0, 0.0, 0.0, 0.0, 0.0, 0.0, 0.0, 0.0, 0.0, 0.0, 0.0, 0.0, 0.0, 0.0, 0.0, 0.0, 0.0, 0.0, 0.0, 0.0, 0.0, 0.0, 0.0, 0.0, 0.0, 0.0, 0.0, 0.0, 0.0, 0.0, 0.0, 0.0, 0.0, 0.0, 0.0, 0.0, 0.0, 0.0, 0.0, 0.0, 0.0, 0.0, 0.0, 0.0]
  Mean : 0.0
  Standard deviation: 0.0
[0.0, 0.0, 0.0, 0.0, 0.0, 0.0, 0.0, 0.0, 0.0, 0.0, 0.0, 0.0, 0.0, 0.0, 0.0, 0.0, 0.0, 0.0, 0.0, 0.0, 0.0, 0.0, 0.0, 0.0, 0.0, 0.0, 0.0, 0.0, 0.0, 0.0, 0.0, 0.0, 0.0, 0.0, 0.0, 0.0, 0.0, 0.0, 0.0, 0.0, 0.0, 0.0, 0.0, 0.0, 0.0, 0.0, 0.0, 0.0, 0.0, 0.0, 0.0, 0.0, 0.0, 0.0, 0.0, 0.0, 0.0, 0.0, 0.0, 0.0, 0.0, 0.0, 0.0, 0.0, 0.0, 0.0, 0.0, 0.0, 0.0, 0.0, 0.0, 0.0, 0.0, 0.0, 0.0, 0.0, 0.0, 0.0, 0.0, 0.0, 0.0, 0.0, 0.0, 0.0, 0.0, 0.0, 0.0, 0.0, 0.0, 0.0, 0.0, 0.0, 0.0, 0.0, 0.0, 0.0, 0.0, 0.0, 0.0, 0.0]
  Mean : 0.0
  Standard deviation: 0.0
[0.0, 0.0, 0.0, 0.0, 0.0, 0.0, 0.0, 0.0, 0.0, 0.0, 0.0, 0.0, 0.0, 0.0, 0.0, 0.0, 0.0, 0.0, 0.0, 0.0, 0.0, 0.0, 0.0, 0.0, 0.0, 0.0, 0.0, 0.0, 0.0, 0.0, 0.0, 0.0, 0.0, 0.0, 0.0, 0.0, 0.0, 0.0, 0.0, 0.0, 0.0, 0.0, 0.0, 0.0, 0.0, 0.0, 0.0, 0.0, 0.0, 0.0, 0.0, 0.0, 0.0, 0.0, 0.0, 0.0, 0.0, 0.0, 0.0, 0.0, 0.0, 0.0, 0.0, 0.0, 0.0, 0.0, 0.0, 0.0, 0.0, 0.0, 0.0, 0.0, 0.0, 0.0, 0.0, 0.0, 0.0, 0.0, 0.0, 0.0, 0.0, 34.0, 0.0, 0.0, 0.0, 0.0, 0.0, 0.0, 0.0, 0.0, 0.0, 0.0, 1159.0, 1159.0, 1159.0, 1159.0, 1159.0, 1159.0, 1159.0, 1159.0]
  Mean : 93.06
  Standard deviation: 315.93036632086563
[0.0, 0.0, 0.0, 0.0, 0.0, 0.0, 0.0, 0.0, 0.0, 0.0, 0.0, 0.0, 0.0, 0.0, 0.0, 0.0, 0.0, 0.0, 0.0, 0.0, 0.0, 0.0, 0.0, 0.0, 0.0, 0.0, 0.0, 0.0, 0.0, 0.0, 0.0, 0.0, 0.0, 0.0, 0.0, 0.0, 0.0, 0.0, 0.0, 0.0, 0.0, 0.0, 0.0, 0.0, 0.0, 0.0, 0.0, 0.0, 0.0, 0.0, 0.0, 0.0, 0.0, 0.0, 0.0, 0.0, 0.0, 0.0, 0.0, 0.0, 0.0, 0.0, 0.0, 0.0, 0.0, 0.0, 0.0, 0.0, 0.0, 0.0, 0.0, 0.0, 0.0, 0.0, 0.0, 0.0, 0.0, 0.0, 0.0, 0.0, 0.0, 0.0, 0.0, 0.0, 0.0, 0.0, 0.0, 0.0, 0.0, 0.0, 0.0, 0.0, 0.0, 0.0, 0.0, 0.0, 0.0, 0.0, 0.0, 0.0]
  Mean : 0.0
  Standard deviation: 0.0
[729.0, 729.0, 729.0, 729.0, 729.0, 729.0, 729.0, 729.0, 729.0, 729.0, 729.0, 729.0, 729.0, 729.0, 729.0, 729.0, 729.0, 729.0, 729.0, 729.0, 729.0, 729.0, 729.0, 729.0, 729.0, 729.0, 729.0, 729.0, 729.0, 729.0, 729.0, 729.0, 729.0, 729.0, 729.0, 729.0, 729.0, 729.0, 729.0, 729.0, 729.0, 729.0, 729.0, 729.0, 729.0, 729.0, 729.0, 729.0, 729.0, 729.0, 729.0, 729.0, 729.0, 729.0, 729.0, 729.0, 729.0, 729.0, 729.0, 729.0, 729.0, 729.0, 729.0, 729.0, 729.0, 729.0, 729.0, 729.0, 729.0, 729.0, 729.0, 729.0, 729.0, 729.0, 729.0, 729.0, 729.0, 729.0, 729.0, 729.0, 729.0, 751.0, 729.0, 729.0, 729.0, 729.0, 729.0, 729.0, 729.0, 729.0, 729.0, 729.0, 3169.0, 3169.0, 3169.0, 3169.0, 3169.0, 3169.0, 3169.0, 3169.0]
  Mean : 924.42
  Standard deviation: 665.2286487753779
[0.0007, 0.000677, 0.000753, 0.000779, 0.000874, 0.000929, 0.001005, 0.000991, 0.001115, 0.001207, 0.001128, 0.001269, 0.001299, 0.001015, 0.001531, 0.001444, 0.001828, 0.001748, 0.001668, 0.001782, 0.001873, 0.001945, 0.002331, 0.001792, 0.002321, 0.002051, 0.002122, 0.00247, 0.002264, 0.00288, 0.003014, 0.002751, 0.002794, 0.003141, 0.00324, 0.00301, 0.002283, 0.002216, 0.003648, 0.003671, 0.001877, 0.00211, 0.004215, 0.002349, 0.00414, 0.004426, 0.00235, 0.002906, 0.002757, 0.002861, 0.003475, 0.002929, 0.004619, 0.002896, 0.003241, 0.00436, 0.002929, 0.002689, 0.00331, 0.003515, 0.0035, 0.003517, 0.005642, 0.003878, 0.003654, 0.00379, 0.003852, 0.003727, 0.004197, 0.003748, 0.003306, 0.003417, 0.003479, 0.003293, 0.003232, 0.003459, 0.003475, 0.003401, 0.003501, 0.003699, 0.003608, 0.003647, 0.003497, 0.00357, 0.003691, 0.003721, 0.003679, 0.003684, 0.003642, 0.003874, 0.003636, 0.004114, 0.012913, 0.013169, 0.013334, 0.01334, 0.013544, 0.013566, 0.013807, 0.013835]
  Mean : 0.00365151
  Standard deviation: 0.0030837359884341

Walksat with (1) minimal encoding, (2) efficient encoding, (3) extended encoding, (4) optimised encoding 

Encoding (1)
total elapsed seconds
  Mean : 19.086100000000002
  Standard deviation: 10.76774512799287
average flips per second
  Mean : 112630.75
  Standard deviation: 161608.8094845627
number solutions found
  Mean : 1.06
  Standard deviation: 2.537874717319214
final success rate
  Mean : 10.6
  Standard deviation: 25.378747173192142
average length successful tries
  Mean : 13192.91
  Standard deviation: 25499.76287633659
average flips per assign (over all runs)
  Mean : 503433.6692827777
  Standard deviation: 410326.6423360463
average seconds per assign (over all runs)
  Mean : 6.697837296296297
  Standard deviation: 10.338723840103745
mean flips until assign
  Mean : 331211.4470605185
  Standard deviation: 322096.4281816889
variance
  Mean : 2324163689.157778
  Standard deviation: 6869545301.506957
standard deviation
  Mean : 19778.6500485625
  Standard deviation: 44430.796581331735
standard error of mean
  Mean : 10213.960138375
  Standard deviation: 24822.437453429146
mean seconds until assign
  Mean : 4.090750962962963
  Standard deviation: 6.508882755559834
mean restarts until assign
  Mean : 3.8234861481481484
  Standard deviation: 3.0604478323640643
overall mean average numbad
  Mean : 62.558857555555555
  Standard deviation: 28.613693874545035
overall mean meanbad std deviation
  Mean : 31.989952925925927
  Standard deviation: 20.42144275639297
overall ratio mean numbad to mean std dev
  Mean : 2.1716134074074076
  Standard deviation: 0.43744565288978904
successful mean average numbad
  Mean : 61.71273296296296
  Standard deviation: 28.6625425306862
successful mean numbad std deviation
  Mean : 32.196257037037036
  Standard deviation: 20.49452889994774
successful ratio mean numbad to mean std dev
  Mean : 2.122041814814815
  Standard deviation: 0.4142525453780986
nonsuccessful mean average numbad level
  Mean : 59.384173999999994
  Standard deviation: 34.076940697904156
nonsuccessful mean numbad std deviation
  Mean : 30.53528411111111
  Standard deviation: 22.227141424150034
nonsuccessful ratio mean numbad to mean std dev
  Mean : 1.8284455925925924
  Standard deviation: 0.880018718439437

Encoding (2)
total elapsed seconds
  Mean : 18.8857
  Standard deviation: 10.609056666048794
average flips per second
  Mean : 105104.16
  Standard deviation: 139399.00029464293
number solutions found
  Mean : 1.24
  Standard deviation: 2.7965346521375447
final success rate
  Mean : 12.4
  Standard deviation: 27.96534652137545
average length successful tries
  Mean : 13180.18
  Standard deviation: 25027.628838957276
average flips per assign (over all runs)
  Mean : 474896.31153527583
  Standard deviation: 411961.2200487105
average seconds per assign (over all runs)
  Mean : 6.7783884137931025
  Standard deviation: 8.200153994506207
mean flips until assign
  Mean : 270011.254064
  Standard deviation: 285718.7770758413
variance
  Mean : 2590088325.6782875
  Standard deviation: 6425624142.653619
standard deviation
  Mean : 23391.307640981482
  Standard deviation: 45623.25061753098
standard error of mean
  Mean : 12792.812336981482
  Standard deviation: 27149.276460973404
mean seconds until assign
  Mean : 3.4998707241379305
  Standard deviation: 4.91699703652598
mean restarts until assign
  Mean : 3.2456212068965518
  Standard deviation: 2.7455064578454293
overall mean average numbad
  Mean : 64.47152410344827
  Standard deviation: 30.02130840767585
overall mean meanbad std deviation
  Mean : 35.457537689655176
  Standard deviation: 22.589178032610793
overall ratio mean numbad to mean std dev
  Mean : 2.0168206206896553
  Standard deviation: 0.38238441626601494
successful mean average numbad
  Mean : 63.722982551724144
  Standard deviation: 29.81694534503826
successful mean numbad std deviation
  Mean : 35.437713724137936
  Standard deviation: 22.435211793483617
successful ratio mean numbad to mean std dev
  Mean : 1.9948581379310346
  Standard deviation: 0.38540069853620473
nonsuccessful mean average numbad level
  Mean : 58.241515724137926
  Standard deviation: 37.787243545155945
nonsuccessful mean numbad std deviation
  Mean : 31.92035796551724
  Standard deviation: 25.27814165828009
nonsuccessful ratio mean numbad to mean std dev
  Mean : 1.5870802413793106
  Standard deviation: 0.8969718053684319

Encoding (3)
total elapsed seconds
  Mean : 16.8068
  Standard deviation: 9.120221386644852
average flips per second
  Mean : 106150.1
  Standard deviation: 127252.1185283353
number solutions found
  Mean : 1.44
  Standard deviation: 2.7017390583462975
final success rate
  Mean : 14.4
  Standard deviation: 27.017390583462976
average length successful tries
  Mean : 13919.71
  Standard deviation: 21827.296550719017
average flips per assign (over all runs)
  Mean : 407605.2962357715
  Standard deviation: 363192.3820086902
average seconds per assign (over all runs)
  Mean : 6.728787514285714
  Standard deviation: 7.950469720330501
mean flips until assign
  Mean : 266550.87446708576
  Standard deviation: 254179.21356425085
variance
  Mean : 8061691162.598843
  Standard deviation: 24849771055.137135
standard deviation
  Mean : 38917.477551066666
  Standard deviation: 81459.16592484362
standard error of mean
  Mean : 21697.241602426668
  Standard deviation: 49981.85190298313
mean seconds until assign
  Mean : 4.3654525714285715
  Standard deviation: 5.09747843203765
mean restarts until assign
  Mean : 3.2678004
  Standard deviation: 2.513434203559383
overall mean average numbad
  Mean : 112.67820034285714
  Standard deviation: 36.20439203811298
overall mean meanbad std deviation
  Mean : 61.00528822857143
  Standard deviation: 31.231797943678945
overall ratio mean numbad to mean std dev
  Mean : 2.0907506857142857
  Standard deviation: 0.5669766391855173
successful mean average numbad
  Mean : 109.42941308571429
  Standard deviation: 33.73503317293871
successful mean numbad std deviation
  Mean : 61.231006714285726
  Standard deviation: 31.06019137619399
successful ratio mean numbad to mean std dev
  Mean : 2.0261779999999994
  Standard deviation: 0.5509034030276195
nonsuccessful mean average numbad level
  Mean : 108.34672657142856
  Standard deviation: 48.424775086974954
nonsuccessful mean numbad std deviation
  Mean : 58.38137722857142
  Standard deviation: 35.271027344439126
nonsuccessful ratio mean numbad to mean std dev
  Mean : 1.8734932571428569
  Standard deviation: 0.911359743694402

